0.0,	0.12735407422430073,	1.7068381124217332e-08,	-1201.39021233741,	0.00015865577843567825
0.02,	0.13530221321590377,	0.017521618588046885,	-1202.7704680351248,	1.181013271423704
0.04,	0.15297948974672812,	0.038399903282869276,	-1206.506998545636,	2.4614790933666257
0.06,	0.17352581414497678,	0.06446737640834448,	-1212.81610494256,	4.080796997325574
0.08,	0.20405761874192183,	0.09467632494984039,	-1221.3544600301066,	6.644256195843989
0.1,	0.22859080788868227,	0.12331353031926479,	-1232.6723330694817,	9.464643910574917
0.12000000000000001,	0.2648608003335802,	0.15060974746527286,	-1247.221147065915,	13.931305537065874
0.14,	0.29432641796320796,	0.16683385089034014,	-1264.3183529069008,	17.888198963916704
0.16,	0.33231322295544596,	0.2044111850426092,	-1282.6237817128688,	22.450538940458145
0.18,	0.3573358907650206,	0.2120238209683641,	-1303.9688353047634,	28.800650625685364
0.19999999999999998,	0.38965599560449404,	0.24512446187434925,	-1330.0086349469602,	35.97570568402956
0.21999999999999997,	0.43840620751558446,	0.27906485501148337,	-1356.9098215409101,	41.1563668171516
0.23999999999999996,	0.4702835388246659,	0.29439465491320166,	-1389.0938697221227,	51.66613502122043
0.25999999999999995,	0.5152043610712539,	0.3134282298566863,	-1418.5677429940672,	55.74010570312601
0.27999999999999997,	0.5340571842276896,	0.33336805785210544,	-1452.4138765282835,	66.62308529870188
0.3,	0.5748574390391866,	0.3620118672734998,	-1492.3252709879566,	77.39872674929593
0.32,	0.6253807364095996,	0.39823238723772075,	-1523.6073773095127,	84.00048834983511
0.34,	0.6694956517072358,	0.4332937927964284,	-1579.4894680866241,	100.41906306029766
0.36000000000000004,	0.6948092128927382,	0.4622552768143047,	-1615.8919648269132,	110.76819069394047
0.38000000000000006,	0.7504099652864463,	0.47198657951141076,	-1666.5175117078152,	122.48821782265874
0.4000000000000001,	0.7811584457747387,	0.5040828680168332,	-1718.071647324532,	138.09669260478134
0.4200000000000001,	0.798182124279758,	0.5233039050951379,	-1777.874312450981,	163.7299559676472
0.4400000000000001,	0.8556565959316041,	0.5466957203004533,	-1826.3239455503845,	170.7493004397146
0.46000000000000013,	0.8874595881484385,	0.581098178842889,	-1881.7684374640758,	180.03034614378709
0.48000000000000015,	0.9117082078195641,	0.6069347533623122,	-1938.3755917334054,	193.10291783227467
0.5000000000000001,	0.9576115320617583,	0.6347951971781035,	-2003.6481305993582,	205.18782006064353
0.5200000000000001,	0.9821643293973331,	0.6713691604752997,	-2058.250178596893,	219.91953816061113
0.5400000000000001,	1.0310060584712266,	0.6847735257109743,	-2140.001669473804,	245.07080995261407
0.5600000000000002,	1.0446506705262169,	0.6745160738861294,	-2201.028438742428,	264.756503715706
0.5800000000000002,	1.115319157252011,	0.7452967788596789,	-2301.310036391597,	291.03270251027516
0.6000000000000002,	1.1298353108380106,	0.7456807422026451,	-2333.735282017846,	295.21083456997775
0.6200000000000002,	1.1520370667618791,	0.7804602998244682,	-2438.0723705727487,	316.7372551551248
0.6400000000000002,	1.1792895714989162,	0.7583074508412161,	-2493.6876067691796,	335.6444590002499
0.6600000000000003,	1.224306919540946,	0.7900019828346495,	-2604.842244513021,	364.50075886429676
0.6800000000000003,	1.2344232131183257,	0.8195581121344588,	-2681.420686381322,	398.02069988035436
0.7000000000000003,	1.3013961884213525,	0.8731554526496937,	-2770.5851156018325,	409.8849500893086
0.7200000000000003,	1.3648120812547309,	0.912335062953612,	-2847.7056722291263,	437.0281556176661
0.7400000000000003,	1.406082010565107,	0.9195958906446788,	-2949.0939883711576,	464.666397916189
0.7600000000000003,	1.4013131779031693,	0.9565434394334904,	-3029.492362967013,	484.73848559474436
0.7800000000000004,	1.464551516460575,	0.9944342693956131,	-3124.1494407027963,	523.9808342475108
0.8000000000000004,	1.4998839870912404,	0.978870070079938,	-3238.2836857404222,	548.8111551904601
0.8200000000000004,	1.5682953284299401,	1.0292404493578085,	-3320.889831556379,	570.1584507041053
0.8400000000000004,	1.5813849325512643,	1.1066627665695634,	-3442.3903057587604,	586.1860689209966
0.8600000000000004,	1.5753949061360435,	1.0717337610565805,	-3533.6187934233308,	631.0404826848101
0.8800000000000004,	1.7128072037381425,	1.1670007024017022,	-3666.7043897401218,	599.1170247542981
0.9000000000000005,	1.7143352076880203,	1.1817900892161857,	-3745.882573795434,	687.9288794330427
0.9200000000000005,	1.743819194050842,	1.2152114823258047,	-3895.7265351317487,	714.3566644259076
0.9400000000000005,	1.8616215191539935,	1.2347997280859355,	-4013.65894516176,	728.9325599974101
0.9600000000000005,	1.855989124225562,	1.2357931734696364,	-4108.305217881024,	789.7977948591647
0.9800000000000005,	1.796376224565556,	1.246036329012298,	-4212.501882946932,	773.8689142311708
1.0,	1.865513182664376,	1.2210687392902588,	-4368.517661549904,	795.6995079011375
0.0,	4.3639689494720875,	nan,	-9070.36275239767,	0.001090270007240724
0.0,	4.3639689494720875,	nan,	-9070.36275239767,	0.001090270007240724
0.02,	4.363836327929999,	0.012202158030298536,	-9071.238085032122,	28.057689175886182
0.04,	4.3630703535566955,	0.022962496434983343,	-9072.762808358248,	53.17429131674712
0.06,	4.364462200159128,	0.035429961594560154,	-9083.472081177435,	80.40198283362142
