0.0,	0.0,	-1114.0265338715155
0.01,	0.24177022291008765,	-1116.0189248834838
0.02,	0.5845706684234767,	-1120.2104743786144
0.03,	0.6793138332279021,	-1121.7388562889464
0.04,	0.8128377362879278,	-1126.4060580284377
0.05,	1.2430527959872806,	-1143.1320304663257
0.060000000000000005,	1.3049021783335966,	-1145.413596426317
0.07,	1.6299528472814668,	-1166.8344028181768
0.08,	2.27710934329671,	-1219.6370225336123
0.09,	2.141990684077164,	-1199.9483967568754
0.09999999999999999,	2.5775645965533025,	-1245.355869445494
0.10999999999999999,	2.1491290522083637,	-1213.7322007349233
0.11999999999999998,	3.35498667245914,	-1340.8520273346976
0.12999999999999998,	2.408761037993245,	-1231.1743597591424
0.13999999999999999,	3.1082204036947005,	-1320.6630948062032
0.15,	3.1197223822058633,	-1335.7044915728668
0.16,	3.9444465852931927,	-1463.4719410883483
0.17,	3.522149336382585,	-1384.7823550674523
0.18000000000000002,	3.7336229761273834,	-1386.5697438122672
0.19000000000000003,	3.9906993722975197,	-1456.0873082066464
0.20000000000000004,	3.848252829778951,	-1421.4601430344069
0.21000000000000005,	4.432926806172138,	-1552.446888233143
0.22000000000000006,	4.5593772965040085,	-1533.287301331726
0.23000000000000007,	4.8463060909369755,	-1596.3434801465235
0.24000000000000007,	5.355141809271654,	-1704.9675293576963
0.25000000000000006,	4.466085236914578,	-1538.134127163965
0.26000000000000006,	5.1600464857712645,	-1684.1964754181427
0.2700000000000001,	6.502212525291624,	-2036.224602667435
0.2800000000000001,	5.08730635646131,	-1637.7915499278174
0.2900000000000001,	6.666760029836894,	-2024.615899862515
0.3000000000000001,	6.2986659854422475,	-1931.5988345777466
0.3100000000000001,	7.247561357749457,	-2204.821311220834
0.3200000000000001,	8.080866205951612,	-2430.937880910923
0.3300000000000001,	7.2833205853913565,	-2233.2244669899196
0.34000000000000014,	6.346808858246032,	-1982.0966242761929
0.35000000000000014,	5.978957803609885,	-1883.0751713843213
0.36000000000000015,	6.538508089236436,	-2000.1124234332015
0.37000000000000016,	7.799607788050098,	-2375.175576936757
0.38000000000000017,	8.479902750312853,	-2628.0194565521133
0.3900000000000002,	7.1598055231432625,	-2234.006387290974
0.4000000000000002,	10.78811691502227,	-3561.0497251950464
0.4100000000000002,	9.44170593238162,	-2961.1388665869076
0.4200000000000002,	9.445119444369633,	-3046.8436460501134
0.4300000000000002,	8.626829125437148,	-2699.1414337814276
0.4400000000000002,	8.149984492596829,	-2479.432008538441
0.45000000000000023,	16.754734209970803,	-3237.4510527401067
0.46000000000000024,	8.085014826219197,	-2489.243366864109
0.47000000000000025,	9.827752563974219,	-3084.9574701685256
0.48000000000000026,	9.856954685044345,	-3153.302549927503
0.49000000000000027,	9.538199006984827,	-3015.5408443094548
0.5000000000000002,	9.263113813645873,	-2875.953557295931
0.5100000000000002,	11.280763687929653,	-3700.7470414173818
0.5200000000000002,	10.709407121687684,	-3666.133077972726
0.5300000000000002,	12.240741025253245,	-4209.801070320446
0.5400000000000003,	11.526042892730663,	-3859.735356324715
0.5500000000000003,	13.096758507039068,	-4824.107432000374
0.5600000000000003,	11.194616650535993,	-3909.706290097927
0.5700000000000003,	12.114930499467526,	-4157.8843143305385
0.5800000000000003,	13.166601548695517,	-4781.536378427635
0.5900000000000003,	11.200092409522757,	-3681.4200114489163
0.6000000000000003,	13.967757662952632,	-5282.998867942007
0.6100000000000003,	13.336790545478372,	-4943.076663470591
0.6200000000000003,	12.431099475620352,	-4452.740417750596
0.6300000000000003,	13.416172958513096,	-4861.991952243215
0.6400000000000003,	11.408279853649644,	-3838.6314708422424
0.6500000000000004,	13.164443144116268,	-4740.985767585207
0.6600000000000004,	11.940796300609799,	-4052.308031583464
0.6700000000000004,	11.445462726307339,	-3865.8333452620864
0.6800000000000004,	13.05778949202543,	-4655.612817881431
0.6900000000000004,	14.982217203195628,	-5961.195605958288
0.7000000000000004,	18.48627673996722,	-8209.830471143128
0.7100000000000004,	14.552173963568373,	-5397.515535428337
0.7200000000000004,	15.970868577257914,	-6873.0529861561745
0.7300000000000004,	17.244040142967037,	-7627.813038602933
0.7400000000000004,	16.35665685601723,	-6859.778262022831
0.7500000000000004,	22.251486728758135,	-7866.0258623329055
0.7600000000000005,	17.13654715106928,	-7350.823840364386
0.7700000000000005,	12.235457215177606,	-4404.462669954031
0.7800000000000005,	15.484046817192096,	-6122.947903479805
0.7900000000000005,	19.991218787426654,	-6015.868610918494
0.8000000000000005,	15.82337702815867,	-6383.025859937996
0.8100000000000005,	16.878490485602345,	-7070.9696517911725
0.8200000000000005,	16.311022820471013,	-6880.6198794423535
0.8300000000000005,	23.080241846272756,	-8394.066155790291
0.8400000000000005,	17.27521146005422,	-7303.877984374666
0.8500000000000005,	18.36483557589386,	-8150.166025159096
0.8600000000000005,	19.501801977249457,	-9026.428775364353
0.8700000000000006,	15.980597061326845,	-6810.495852772597
0.8800000000000006,	17.136086890025023,	-7404.318643919141
0.8900000000000006,	22.2897608819412,	-7940.284810645533
0.9000000000000006,	16.16692089584259,	-6884.791315273823
0.9100000000000006,	22.348745489286465,	-8266.424046692056
0.9200000000000006,	17.40354259834356,	-7434.703204080701
0.9300000000000006,	15.833822125781943,	-6222.683868894536
0.9400000000000006,	19.56871592226782,	-8806.635768907483
0.9500000000000006,	19.64261844090622,	-5718.305987404912
0.9600000000000006,	16.52382306462939,	-6929.251883710789
0.9700000000000006,	25.789445687786333,	-10920.940916884174
0.9800000000000006,	18.73536779004365,	-8346.233019652962
0.9900000000000007,	22.910721773121306,	-11998.572482568066
