0.0,	0.014803783983284352,	0,	-4134.104481826415,	0
0.05,	0.026695581967500485,	0.009143294210235827,	-4135.057373793865,	25.076174911740626
0.1,	0.021931507557025016,	0.008570152772231743,	-4135.3971481899325,	27.25132109177853
0.15000000000000002,	0.024305512889739745,	0.011023015768797394,	-4132.454306283779,	28.75013590537724
0.2,	0.031165206961618667,	0.012225792354178448,	-4134.028948136405,	34.93594319250125
0.25,	0.03454749806219971,	0.01286624549956521,	-4141.788639976328,	37.247817291513115
0.3,	0.040363855903090336,	0.013753733839414813,	-4141.2270207515885,	37.65684991575046
0.35,	0.04309932047018834,	0.015500565188813148,	-4155.498530938784,	46.314444184352716
0.39999999999999997,	0.0509084031525881,	0.01669635482386804,	-4154.401663762436,	53.09799894648494
0.44999999999999996,	0.05584165297986945,	0.017704008063296035,	-4173.196811707238,	52.429418972544944
0.49999999999999994,	0.06069361564176113,	0.020735974245636835,	-4179.137985292197,	61.167869796404425
0.5499999999999999,	0.07585479042559476,	0.022662898632873466,	-4191.539753222111,	61.394928496236574
0.6,	0.08051517985563769,	0.023344077586649973,	-4203.34976343663,	66.31877228955989
0.65,	0.08967450770486422,	0.020876262411235164,	-4218.08494854355,	73.62144968828225
0.7000000000000001,	0.10055247411005652,	0.026656804509503307,	-4237.611011822825,	83.08224020560144
0.7500000000000001,	0.11754866876284963,	0.028717610313450798,	-4257.519555499736,	78.02667446517518
0.8000000000000002,	0.12464518413089803,	0.03684721315075295,	-4272.554104767042,	95.29001674521272
0.8500000000000002,	0.14729418318824655,	0.03541762725745769,	-4306.3975687162365,	97.1745862773597
0.9000000000000002,	0.15728440899074075,	0.04202521204335619,	-4324.724204603852,	99.79132020568265
0.9500000000000003,	0.17945863764750403,	0.03821275749383114,	-4326.595293834918,	103.52089191140384
1.0000000000000002,	0.20169810533000587,	0.04510980148717577,	-4363.22654126145,	87.45203991959414
