0.05,	0.018672242594023152,	-99.91293836224474
0.1,	0.03943878163685739,	-99.9062768631107
0.15000000000000002,	0.04782811038488954,	-99.9225826771257
0.2,	0.08279856561901902,	-99.91329997224821
0.25,	0.08265223126153062,	-99.89647227543435
0.3,	0.09865737366821994,	-99.90756370466505
0.35,	0.13950111062964987,	-99.94181310000418
0.39999999999999997,	0.136563040100879,	-99.92744596460489
0.44999999999999996,	0.16442405735698168,	-99.92047336938742
0.49999999999999994,	0.22193785552287618,	-99.92035520438702
0.5499999999999999,	0.24245269298659397,	-99.96534642331251
0.6,	0.2195567736281348,	-99.89956955577102
0.65,	0.2905651979051667,	-99.95516343878236
0.7000000000000001,	0.2585073535940518,	-100.02109411892658
0.7500000000000001,	0.368130282193928,	-100.01506754570796
0.8000000000000002,	0.27170259790924495,	-99.95847267130722
0.8500000000000002,	0.3646397680354479,	-99.98072263015882
0.9000000000000002,	0.3703460939224966,	-99.9563310319385
0.9500000000000003,	0.382299099357784,	-100.08237812925562
1.0000000000000002,	0.3150649833347069,	-99.97245085096414
1.0500000000000003,	0.3773799532391919,	-99.9828614521733
1.1000000000000003,	0.38960471461654134,	-99.97326495480281
1.1500000000000004,	0.4369858653941973,	-100.04835441510794
1.2000000000000004,	0.3719215923593975,	-99.92872675490001
1.2500000000000004,	0.5160558362694878,	-100.02334342340508
1.3000000000000005,	0.4088039843039914,	-100.11262684756639
1.3500000000000005,	0.4202066326236173,	-100.06901641499479
1.4000000000000006,	0.4455476556076218,	-100.05215514295185
1.4500000000000006,	0.4763224788081984,	-99.9699520105512
1.5000000000000007,	0.5469114727780378,	-100.20695630685856
1.5500000000000007,	0.6668884339296045,	-100.22675094853834
1.6000000000000008,	0.6101399563408408,	-100.06982002756897
1.6500000000000008,	0.6356284200655473,	-100.15186306803942
1.7000000000000008,	0.5536006717192458,	-100.18124792469605
1.7500000000000009,	0.6958518857704794,	-100.22062435224505
1.800000000000001,	0.6624680745694647,	-100.16300113077065
1.850000000000001,	0.782195196060607,	-100.3651147987842
1.900000000000001,	0.7062421884201586,	-100.26533539783922
1.950000000000001,	0.7153748479403597,	-100.2517977071266
2.000000000000001,	0.652632586331822,	-100.0783577601997
2.0500000000000007,	0.5874801703913555,	-100.1930432877398
2.1000000000000005,	0.6841406901073757,	-100.33120038795731
2.1500000000000004,	0.865675369672718,	-100.36051444167647
2.2,	0.9537856884771533,	-100.63413671317474
2.25,	0.810276415347597,	-100.22571996122143
2.3,	0.7137229569881479,	-100.17622013777121
2.3499999999999996,	0.9138097876283348,	-100.67608446687488
2.3999999999999995,	0.6484894998321445,	-100.05147829637228
2.4499999999999993,	0.7679439918099542,	-100.5797884372901
2.499999999999999,	0.7409999986588961,	-100.17292886757167
2.549999999999999,	0.804460289538965,	-100.56811067964213
2.5999999999999988,	0.9505210898205626,	-100.44432431143707
2.6499999999999986,	1.090349235253058,	-100.58406372840813
2.6999999999999984,	0.962982121155367,	-100.59972174421335
2.7499999999999982,	0.8211627572991801,	-100.43934579681202
2.799999999999998,	1.0292949126469637,	-100.71495649165645
2.849999999999998,	0.9992466122987836,	-100.59026332919015
2.8999999999999977,	1.3078930931317938,	-101.17960137929481
2.9499999999999975,	1.2319722622919531,	-100.7762200861693
2.9999999999999973,	0.9151099211378465,	-100.88578247521187
3.049999999999997,	1.366515481248118,	-101.26426250181741
3.099999999999997,	1.2223489454352736,	-101.09830108411532
3.149999999999997,	1.2201371869720419,	-100.94112769354761
3.1999999999999966,	1.4462984962121725,	-101.39967900517433
3.2499999999999964,	1.2864936502942237,	-101.11877215233274
3.2999999999999963,	1.1758052554825726,	-100.83193806149504
3.349999999999996,	1.3398020235496118,	-101.15199379631423
3.399999999999996,	1.5198335924518378,	-101.56583452881306
3.4499999999999957,	1.2456167971463485,	-101.01622637606413
3.4999999999999956,	1.5567430095849148,	-101.39330277291468
3.5499999999999954,	1.1610502634479847,	-100.82231938003618
3.599999999999995,	0.9867033457050253,	-100.6631670818355
3.649999999999995,	1.130859272476953,	-100.99094797304498
3.699999999999995,	1.365420133548829,	-101.61552342955873
3.7499999999999947,	1.5526228167257154,	-101.68836082377851
3.7999999999999945,	1.511146968295919,	-101.43771945493073
3.8499999999999943,	1.4625798107396182,	-101.38329911335904
3.899999999999994,	1.4438000692388173,	-101.48807252334099
3.949999999999994,	1.4406024722627726,	-101.81913409815944
3.999999999999994,	1.3331916110229238,	-100.98059394053475
4.049999999999994,	1.148509532240715,	-100.816023836128
4.099999999999993,	1.4658121587501465,	-101.9116318958732
4.149999999999993,	1.7880397208291159,	-102.13428985776773
4.199999999999993,	1.3347345175505518,	-100.94624291665266
4.249999999999993,	1.2150068040537343,	-100.79309731337
4.299999999999993,	1.9679165168503785,	-102.80711806820776
4.3499999999999925,	1.5226185529099856,	-101.76457700670034
4.399999999999992,	1.2428666210602017,	-101.10198760169854
4.449999999999992,	1.8409275924564934,	-102.23467212317058
4.499999999999992,	1.6336306708719925,	-101.53549130121749
4.549999999999992,	1.8669528678552065,	-102.37787222052822
4.599999999999992,	1.345325469014695,	-101.33721203779997
4.6499999999999915,	1.5799105110032625,	-101.85381201284675
4.699999999999991,	1.5619665261556364,	-101.53443541579004
4.749999999999991,	2.4987177988938276,	-104.2799659871001
4.799999999999991,	1.4320184312368118,	-101.9042699625596
4.849999999999991,	1.5910767742018008,	-101.86448847321996
4.899999999999991,	1.994590621154756,	-102.73143829404759
4.94999999999999,	1.9022979867220982,	-102.25748944854185
4.99999999999999,	1.3826502216759895,	-101.23585748065697
5.04999999999999,	1.888860809041202,	-102.34085835876297
5.09999999999999,	1.738899714335982,	-102.41918917284963
5.14999999999999,	1.9211072746951428,	-103.3721638184203
5.1999999999999895,	1.6807998337251469,	-101.80295466651057
5.249999999999989,	1.9734320695750536,	-102.79662907160257
5.299999999999989,	1.845602240620402,	-101.89942706814489
5.349999999999989,	1.9258550048348366,	-102.90856944933218
5.399999999999989,	1.7716522566151574,	-102.79101978398654
5.449999999999989,	2.0579445743958007,	-103.0214622001933
5.4999999999999885,	1.6268430536977083,	-101.84352847110091
5.549999999999988,	1.6944850760014323,	-101.8612402809762
5.599999999999988,	1.671683855093377,	-102.08452785338794
5.649999999999988,	1.8348550545790068,	-101.96171313199358
5.699999999999988,	2.1725861283109946,	-103.13230765610794
5.749999999999988,	1.8686512783190343,	-102.53080392472262
5.799999999999987,	2.221555790829671,	-103.32438773301052
5.849999999999987,	2.3722767672393577,	-104.6339523407085
5.899999999999987,	2.1968061053172017,	-103.01258521581731
5.949999999999987,	1.7710731764051266,	-102.24131248657133
5.999999999999987,	1.8151546391888043,	-102.82787478166732
6.0499999999999865,	2.31878110093478,	-103.55357457765048
6.099999999999986,	2.2120106713060177,	-103.61810019356264
6.149999999999986,	2.2267285073119667,	-104.49729432058136
6.199999999999986,	2.1153401425188734,	-103.32649774285568
6.249999999999986,	1.5310845732596126,	-102.16906480021139
6.299999999999986,	1.9027489731053846,	-103.04726138545965
6.349999999999985,	1.9950879024924737,	-102.47073255176014
6.399999999999985,	1.9767001842980207,	-103.0315923495246
6.449999999999985,	2.1448207923641376,	-103.43738929157779
6.499999999999985,	1.987094119734612,	-102.64791872055532
6.549999999999985,	2.0101645974690423,	-103.02271663198717
6.5999999999999845,	2.3551749612471,	-103.24574196066703
6.649999999999984,	2.4387228453669683,	-104.25835764393545
6.699999999999984,	2.1618200434194015,	-103.26282233487258
6.749999999999984,	2.4584649661878863,	-105.07360810944459
6.799999999999984,	1.989494354851766,	-102.90944158171894
6.849999999999984,	2.102123200424919,	-103.58784056749701
6.8999999999999835,	3.0327721630809372,	-106.36976624408636
6.949999999999983,	2.121263628587393,	-103.16964052744841
6.999999999999983,	2.324286171292512,	-103.4636478998319
7.049999999999983,	2.6007669439383285,	-105.95190751945823
7.099999999999983,	2.6175544313797,	-104.50688151475647
7.149999999999983,	2.2007717032833947,	-102.83362757313526
7.199999999999982,	1.9721873391390683,	-103.48798518291261
7.249999999999982,	3.0505201441837575,	-107.00364608864518
7.299999999999982,	2.359069303849049,	-103.80218618805068
7.349999999999982,	2.230605751333704,	-103.41165343092085
7.399999999999982,	2.1912479099223994,	-103.2656204778087
7.4499999999999815,	3.0975018518497226,	-107.80697420313943
7.499999999999981,	2.9743922804074097,	-107.2339646578477
7.549999999999981,	3.287564091585938,	-107.0386963421016
7.599999999999981,	2.171785857222732,	-105.26058782645056
7.649999999999981,	2.3755041558573624,	-103.80855135814882
7.699999999999981,	2.6691271391779594,	-104.5199344348546
7.7499999999999805,	1.9303685384986369,	-103.38389875576684
7.79999999999998,	2.856042836032179,	-105.98943917964971
7.84999999999998,	2.774405052983978,	-104.95278923030067
7.89999999999998,	2.870543477417718,	-105.1817395099852
7.94999999999998,	3.0168766357959957,	-105.83865663004535
7.99999999999998,	2.450493884634923,	-103.89841312309254
8.04999999999998,	3.4219300238784607,	-109.70466274775757
8.09999999999998,	3.267270515585871,	-106.73894301913919
8.14999999999998,	2.79603710183836,	-106.55790857480558
8.199999999999982,	2.4383499349933184,	-104.75730970212607
8.249999999999982,	3.1432234620901416,	-107.6309398371644
8.299999999999983,	2.4525257906564932,	-104.84113026297078
8.349999999999984,	3.994946513418209,	-110.40208624815972
8.399999999999984,	3.3719272562492466,	-109.49897887382349
8.449999999999985,	2.498072816011735,	-105.13337264429454
8.499999999999986,	3.052642921038303,	-106.2187420673808
8.549999999999986,	2.7501695811427243,	-106.47421022326603
8.599999999999987,	3.3528288873935344,	-107.11602558246449
8.649999999999988,	3.4822410440435494,	-109.8833472569267
8.699999999999989,	2.6519867751413364,	-105.87287966884296
8.74999999999999,	3.602727691183121,	-111.2054798267583
8.79999999999999,	2.393400824761107,	-106.93236482581763
8.84999999999999,	2.939886884285011,	-106.56174563451387
8.899999999999991,	4.09755005831999,	-110.42808256406461
8.949999999999992,	3.2213878297397023,	-107.19648352024991
8.999999999999993,	3.173773485851258,	-107.1755379412845
9.049999999999994,	2.5606636934489875,	-106.69480288421595
9.099999999999994,	3.8003578182511792,	-110.53673416617917
9.149999999999995,	2.1696271205428643,	-104.08064653541214
9.199999999999996,	3.7342087182422086,	-109.51004986320712
9.249999999999996,	4.107300549761839,	-112.38014245356867
9.299999999999997,	4.299506165708749,	-112.34520579874753
9.349999999999998,	3.3547962828593128,	-108.47134906977335
9.399999999999999,	3.818513733913421,	-109.24273795483074
9.45,	3.916859787473549,	-110.83980521149665
9.5,	3.0474409887019815,	-108.12158560630853
9.55,	3.7154720909408607,	-108.4397252189548
9.600000000000001,	4.13738300249483,	-114.40771541732838
9.650000000000002,	3.46653989985619,	-115.29591119138624
9.700000000000003,	2.9310086100830706,	-105.50400157985578
9.750000000000004,	4.644764462956607,	-118.07431416748719
9.800000000000004,	3.43004626621196,	-108.85610544260342
9.850000000000005,	3.0130187826855996,	-110.43164056927607
9.900000000000006,	2.67242359504322,	-105.94414833886816
9.950000000000006,	3.5938588294012326,	-111.16597596651364
10.000000000000007,	3.67248277918597,	-111.3025624349212
10.050000000000008,	2.9049379170816914,	-108.95058932908078
10.100000000000009,	3.5215261960849866,	-114.23912544749095
10.15000000000001,	4.429451658938569,	-113.41255273155457
10.20000000000001,	3.036714676186039,	-111.0764092330098
10.25000000000001,	3.568997589553706,	-109.90880284566842
10.300000000000011,	3.367211419016129,	-108.23831225746008
10.350000000000012,	3.456739208097137,	-109.93573021799388
10.400000000000013,	4.677008416480987,	-116.39391670039001
10.450000000000014,	2.819131276276974,	-107.04334085056739
10.500000000000014,	3.5385033342719376,	-107.80904005304176
10.550000000000015,	4.976121280018266,	-116.58815471250618
10.600000000000016,	4.720252526287626,	-118.05514507794338
10.650000000000016,	3.440007725063043,	-110.71034000293517
10.700000000000017,	3.196358926528259,	-107.43820631769255
10.750000000000018,	3.675857030974688,	-108.81880924574862
10.800000000000018,	3.469914271373961,	-109.6640367359755
10.85000000000002,	3.3680194939886956,	-109.2008342503203
10.90000000000002,	3.174007749172467,	-107.50320719009
10.95000000000002,	2.905664616078105,	-106.10167080882
11.000000000000021,	4.141438032260362,	-113.59655228233038
11.050000000000022,	3.921937858882081,	-110.85885096722764
11.100000000000023,	2.9468661806679215,	-111.39991318100819
11.150000000000023,	3.782914423525731,	-109.75228546769476
11.200000000000024,	3.2800130378955514,	-111.82669402077897
11.250000000000025,	3.4479579631262953,	-112.10628400043254
11.300000000000026,	4.130565975288813,	-112.6199972738558
11.350000000000026,	4.526290047918696,	-115.26504025736043
11.400000000000027,	4.037400821127144,	-114.77331305071678
11.450000000000028,	4.476753273622683,	-113.66209998998674
11.500000000000028,	5.144524044204084,	-116.9141935576153
11.55000000000003,	3.424671205199473,	-109.19976001445491
11.60000000000003,	2.8687700943896397,	-112.50695064189959
11.65000000000003,	3.4629964235074806,	-109.88388757125193
11.700000000000031,	3.569201927173717,	-113.72470611935266
11.750000000000032,	3.150827107787276,	-107.03427882985474
11.800000000000033,	4.556165524747926,	-114.48080220432368
11.850000000000033,	3.3884889743729847,	-115.409894169813
11.900000000000034,	6.183226432325291,	-128.5991086742518
11.950000000000035,	5.953464136977499,	-121.91219826905778
12.000000000000036,	4.37282449366197,	-113.4262264709499
12.050000000000036,	3.8055897774999865,	-112.06917117788113
12.100000000000037,	3.6763627549946754,	-117.73632230328325
12.150000000000038,	3.8939746889856712,	-111.85740776045094
12.200000000000038,	3.7514428395249,	-118.82779513140125
12.250000000000039,	4.424112289702587,	-115.80017821448519
12.30000000000004,	4.8092443778705345,	-127.06351559637191
12.35000000000004,	3.446668181463958,	-111.37960976322488
12.400000000000041,	4.651361439660838,	-122.9141622363348
12.450000000000042,	3.087188232667755,	-108.44527605770325
12.500000000000043,	3.91742540646245,	-113.69265855376472
12.550000000000043,	4.322255439899303,	-115.25289704028478
12.600000000000044,	4.224859628691081,	-118.67088810170553
12.650000000000045,	4.482858826513277,	-117.22550319616245
12.700000000000045,	4.120453547829744,	-121.04970418528323
12.750000000000046,	5.693127515327903,	-125.3939762307698
12.800000000000047,	6.1226213082687755,	-125.60243282483276
12.850000000000048,	4.374094807308703,	-122.71280391191306
12.900000000000048,	3.914798536556703,	-111.66385378457487
12.950000000000049,	2.932217119696538,	-108.08801492242014
13.00000000000005,	5.164371720861692,	-126.79966352869067
13.05000000000005,	4.330615072295368,	-112.39818890008209
13.100000000000051,	5.185258687216182,	-120.06883378522969
13.150000000000052,	4.766680666484923,	-118.44885772806282
13.200000000000053,	6.408259568933718,	-124.9279017163035
13.250000000000053,	4.255289897568771,	-114.43996631006881
13.300000000000054,	3.6332323708724297,	-113.79929883021644
13.350000000000055,	5.583113231284161,	-132.38904993950712
13.400000000000055,	3.8253664191676293,	-112.5440112296654
13.450000000000056,	4.718980887232797,	-117.34573490866052
13.500000000000057,	4.396535513431804,	-117.928091425264
13.550000000000058,	5.251439982050108,	-121.11696621157748
13.600000000000058,	4.567135023930089,	-114.49244948633007
13.650000000000059,	4.3045590122363775,	-116.78192310644488
13.70000000000006,	4.830441415280741,	-121.21121162730257
13.75000000000006,	5.026634311590677,	-153.99487559124756
13.800000000000061,	4.916096131710318,	-135.38626399755387
13.850000000000062,	3.7825885795750946,	-113.93344684106769
13.900000000000063,	5.612799539556411,	-135.6510620147543
13.950000000000063,	5.769342049938356,	-130.76993455101268
14.000000000000064,	5.525061285249371,	-133.15416646961108
14.050000000000065,	4.015364506959458,	-122.01888828079775
14.100000000000065,	3.9294788619390464,	-124.5153155227698
14.150000000000066,	5.295676342549023,	-137.9607280461306
14.200000000000067,	5.130213024657855,	-125.56413805983763
14.250000000000068,	5.340485665301799,	-122.49444120644985
14.300000000000068,	5.145511199522994,	-120.11014115595066
14.350000000000069,	4.2204860492094145,	-120.46663469391193
14.40000000000007,	4.888791904102188,	-117.40650188927209
14.45000000000007,	3.6029174902578798,	-110.80315308755503
14.500000000000071,	5.102737007620758,	-127.001576357994
14.550000000000072,	5.794155095348357,	-123.83186672398625
14.600000000000072,	4.050635094069438,	-119.2775907379055
14.650000000000073,	5.189192917693804,	-134.25235021430476
14.700000000000074,	3.868415711133218,	-117.84356936401089
14.750000000000075,	4.798762473064294,	-118.62545069496791
14.800000000000075,	4.3198989543768445,	-119.59513700399305
14.850000000000076,	6.7495460815732695,	-132.08104210975972
14.900000000000077,	4.9594783497499675,	-117.71029617086849
14.950000000000077,	6.893685839027709,	-139.1585944585699
15.000000000000078,	4.291423435992897,	-119.05580883865852
15.050000000000079,	5.080641092447801,	-123.08641636712196
15.10000000000008,	5.205677830697591,	-120.16632572791505
15.15000000000008,	4.580586303528419,	-123.7408710458404
15.200000000000081,	6.215611357014992,	-129.74556732356976
15.250000000000082,	4.710709086892543,	-122.94063413650777
15.300000000000082,	4.991903045840356,	-123.68734886448196
15.350000000000083,	7.025059006103412,	-202.79594623325596
15.400000000000084,	6.070169394107664,	-131.50208035987842
15.450000000000085,	5.7537906152954585,	-123.3878040188881
15.500000000000085,	4.888986028054076,	-121.17355893834767
15.550000000000086,	4.926979163725314,	-119.8458423368923
15.600000000000087,	5.452974996591378,	-127.11595669605639
15.650000000000087,	5.441993518494085,	-122.65239808592389
15.700000000000088,	5.284340082867525,	-132.7304168807947
15.750000000000089,	5.898844503202878,	-135.01080277322237
15.80000000000009,	3.693256599450195,	-114.24728059687214
15.85000000000009,	6.009016313080167,	-125.1222934044749
15.900000000000091,	4.8540419948063365,	-118.47071212365981
15.950000000000092,	4.829485497207503,	-117.3928203001904
16.000000000000092,	5.7499026212035735,	-124.38672876538686
16.050000000000093,	5.857642735095452,	-174.69004283553372
16.100000000000094,	3.999891376127008,	-115.90047432852039
16.150000000000095,	5.945909956701181,	-136.03041834244843
16.200000000000095,	4.926294007088563,	-134.43085120160293
16.250000000000096,	5.994427229032191,	-127.65805983494948
16.300000000000097,	6.2049325582872505,	-163.7288609504786
16.350000000000097,	6.736791775361848,	-133.4974407630417
16.400000000000098,	6.236034720251845,	-131.11565399030624
16.4500000000001,	5.367107806809626,	-129.2824998855396
16.5000000000001,	5.138595870029523,	-132.945250386562
16.5500000000001,	4.7833313957347245,	-128.27942933752658
16.6000000000001,	5.187955078489895,	-122.94579947868186
16.6500000000001,	5.522282289956256,	-147.25134715436195
16.700000000000102,	7.536492865726223,	-140.49244373695512
16.750000000000103,	5.629199183465816,	-125.40533966105637
16.800000000000104,	5.559109396723038,	-124.05625294690729
16.850000000000104,	4.157652134335255,	-116.24629579334865
16.900000000000105,	5.663405361581643,	-141.47669113016252
16.950000000000106,	6.34536948227801,	-157.5937513145219
17.000000000000107,	5.0980263789407125,	-117.25195924378286
17.050000000000107,	4.944420166573027,	-128.29370752800602
17.100000000000108,	5.545928226237123,	-127.16915703771261
17.15000000000011,	5.780309032526124,	-126.35832630724423
17.20000000000011,	5.354696199285398,	-127.71989022472266
17.25000000000011,	6.485334254470999,	-139.31560116421605
17.30000000000011,	6.515383156326446,	-182.700818679396
17.35000000000011,	5.005557756971401,	-122.83537821180501
17.400000000000112,	5.1247907610889785,	-141.85050822002282
17.450000000000113,	5.587567915381807,	-120.69934859381488
17.500000000000114,	5.162123279703634,	-120.42775112496844
17.550000000000114,	5.995375904614857,	-128.26399090969232
17.600000000000115,	8.010303707013565,	-144.50811721278174
17.650000000000116,	7.63255388171934,	-185.919205256669
17.700000000000117,	5.522586077464601,	-131.68551869800862
17.750000000000117,	6.334856425502655,	-141.34677811458272
17.800000000000118,	5.493357510676382,	-122.00666100818064
17.85000000000012,	6.797955611840795,	-136.06992037162465
17.90000000000012,	6.8323066994287505,	-134.48222206253723
17.95000000000012,	6.054828823307115,	-130.53803230881647
18.00000000000012,	5.256902814191999,	-124.23204794382725
18.05000000000012,	6.8090205190793265,	-140.65007325237616
18.100000000000122,	5.438089521051083,	-124.92603731362813
18.150000000000123,	6.771743411267817,	-138.5656764283538
18.200000000000124,	5.509027263788165,	-131.05626057141598
18.250000000000124,	6.859243600965058,	-137.41525839006647
18.300000000000125,	7.419288936595682,	-227.61200211691784
18.350000000000126,	7.720091782894251,	-206.8483255331352
18.400000000000126,	7.310681090610616,	-163.3829934381966
18.450000000000127,	15.639907527948411,	-407.57008304058627
18.500000000000128,	4.685643457572603,	-138.70090347085207
18.55000000000013,	6.26701199250445,	-162.56089329058096
18.60000000000013,	6.5862929062164035,	-195.78247441914394
18.65000000000013,	6.375119253065148,	-153.2463153475913
18.70000000000013,	6.170746167594375,	-135.88100564102666
18.75000000000013,	7.201728030155012,	-164.22261598919633
18.800000000000132,	5.275322086036715,	-121.50772303459891
18.850000000000133,	7.0666853576929345,	-138.11673569668656
18.900000000000134,	7.4754194867250865,	-203.4624086209357
18.950000000000134,	5.860632198111191,	-135.57565773620513
19.000000000000135,	6.857970059127856,	-153.54507781931667
19.050000000000136,	6.846718959209662,	-137.12820124808707
19.100000000000136,	6.4273212736067515,	-135.3231759245214
19.150000000000137,	16.73051995875128,	-410.1533293727304
19.200000000000138,	7.127502170190917,	-159.98489278114417
19.25000000000014,	7.259030049619626,	-179.68388676571647
19.30000000000014,	8.500091448856853,	-175.4982141864407
19.35000000000014,	6.211270214014779,	-135.1123665603739
19.40000000000014,	8.408961943067032,	-161.07418252088522
19.45000000000014,	7.454749896884384,	-171.32402571357608
19.500000000000142,	6.0337385560656065,	-132.44174714839573
19.550000000000143,	6.422375200919897,	-142.60215420314339
19.600000000000144,	4.658723641979452,	-121.81532053493284
19.650000000000144,	5.985196798612893,	-142.0149647823268
19.700000000000145,	6.1096819276472925,	-150.6445126769803
19.750000000000146,	8.715634464100466,	-169.39652264812668
19.800000000000146,	7.955862266437581,	-164.41331465653323
19.850000000000147,	5.429199645307133,	-125.19633006422087
19.900000000000148,	5.607924947724551,	-124.03119138784146
19.95000000000015,	6.130974075364995,	-152.32963593772192
20.00000000000015,	9.589893147060597,	-166.0212200163701
20.05000000000015,	7.597493902480406,	-173.34962806520056
20.10000000000015,	6.851283511125623,	-176.93981415186437
20.15000000000015,	7.713978680145385,	-159.25041546317016
20.200000000000152,	5.289472044067487,	-126.25066128536788
20.250000000000153,	6.395733451018028,	-150.64989241085027
20.300000000000153,	6.946283457608584,	-143.82954237904195
20.350000000000154,	16.281661120972807,	-430.72676209427135
20.400000000000155,	6.608087660025507,	-152.84078950885424
20.450000000000156,	17.01372976958686,	-435.6786320887551
20.500000000000156,	7.101904509110988,	-147.5753027124641
20.550000000000157,	6.8912996870078675,	-141.36651342170342
20.600000000000158,	5.559345532720316,	-140.4016983407454
20.65000000000016,	7.06598636280638,	-203.73925546099122
20.70000000000016,	8.695594774312365,	-200.96172389166836
20.75000000000016,	17.385029888042663,	-406.2214173291603
20.80000000000016,	7.3835695317029195,	-158.1409354109807
20.85000000000016,	6.7136532390176695,	-168.9074421021837
20.900000000000162,	7.536645025162791,	-195.8063906581081
20.950000000000163,	7.455877159945456,	-143.64904490531023
21.000000000000163,	16.94762056080708,	-433.54735634725324
21.050000000000164,	6.826328453264703,	-136.96986119700725
21.100000000000165,	6.9040219364254645,	-138.98378355572478
21.150000000000166,	8.168408945026426,	-157.5279869232444
21.200000000000166,	15.7570133587872,	-411.632918272181
21.250000000000167,	6.58715803965779,	-159.49886214650726
21.300000000000168,	11.541255832829412,	-275.0620600823773
21.35000000000017,	7.411412159174729,	-142.36673613349174
21.40000000000017,	5.235442587646996,	-126.84791075349271
21.45000000000017,	9.33899263439037,	-231.7198421701898
21.50000000000017,	8.031502113799068,	-208.4578231627064
21.55000000000017,	6.668007435861512,	-153.73656511671015
21.600000000000172,	7.935736753096643,	-149.10266669926074
21.650000000000173,	17.57353836812822,	-396.84657682203124
21.700000000000173,	7.799471439034576,	-170.9578898316684
21.750000000000174,	5.988531210890106,	-145.19166196515675
21.800000000000175,	7.453634112613313,	-159.08217083836487
21.850000000000176,	7.320402202188354,	-137.31391233495276
21.900000000000176,	4.953537479206306,	-120.35817898219038
21.950000000000177,	7.807025263599232,	-209.56138399094476
22.000000000000178,	16.808734736596026,	-382.7575498921649
22.05000000000018,	7.403027531646257,	-139.73720552372725
22.10000000000018,	6.236841787055696,	-131.0215238419488
22.15000000000018,	17.354380376132656,	-404.72446186436997
22.20000000000018,	6.761211028310427,	-139.53854474869135
22.25000000000018,	5.956875348357167,	-172.57230447381335
22.300000000000182,	6.2532172436404965,	-134.5751204841404
22.350000000000183,	8.247550112547815,	-184.89555461983142
22.400000000000183,	6.3353906818660315,	-127.01777018838176
22.450000000000184,	5.867367581699256,	-152.90516451260177
22.500000000000185,	17.226102099266768,	-484.1277606838156
22.550000000000185,	7.933184595677529,	-155.9179683668731
22.600000000000186,	5.968595234528609,	-141.77777156285595
22.650000000000187,	6.286911081592321,	-145.8810632577033
22.700000000000188,	6.33784478464004,	-138.1010829252474
22.75000000000019,	7.622535356015185,	-148.05955066087094
22.80000000000019,	8.995083910879451,	-175.54873764721933
22.85000000000019,	8.835399538457084,	-227.7056715514341
22.90000000000019,	6.180806709024783,	-131.6783391877126
22.95000000000019,	17.959761281031955,	-419.75056412298807
23.000000000000192,	6.2846969152818115,	-141.9098403715535
23.050000000000193,	7.64560431092038,	-160.09677851903834
23.100000000000193,	8.13810731980203,	-159.23397081826923
23.150000000000194,	6.9558917363589705,	-141.39850933280758
23.200000000000195,	18.445778533783244,	-457.21472829661917
23.250000000000195,	7.91317541877425,	-160.30647098805224
23.300000000000196,	10.565937568933546,	-198.57410333229473
23.350000000000197,	7.0217519690232795,	-148.33217046671228
23.400000000000198,	7.158130401042329,	-143.4835716319297
23.4500000000002,	9.22507586945407,	-169.91889285979082
23.5000000000002,	7.890147661102671,	-147.95894091639346
23.5500000000002,	8.32903438291286,	-202.07275298637668
23.6000000000002,	6.143696828981106,	-151.46470235282933
23.6500000000002,	17.699066090579368,	-447.5589688124565
23.700000000000202,	6.1916190104856055,	-130.76961610723757
23.750000000000203,	6.90921085618225,	-171.96164146560017
23.800000000000203,	7.758112797611551,	-224.40326820464117
23.850000000000204,	8.467470400159602,	-164.0427883351955
23.900000000000205,	7.538376402506338,	-145.74021620483742
23.950000000000205,	8.34843515686014,	-205.22198207228018
