0,	0.24843124215346377,	4.6352519373129515e-08,	-4328.593408408008,	0
0.02,	0.28865186995381387,	0.15535143217292488,	-4333.043105829099,	9.744189077767492
0.04,	0.36447915632844563,	0.18171385277621274,	-4332.90212759539,	18.99961808814345
0.06,	0.3795486067102791,	0.20067556280832063,	-4335.245975448998,	27.98631384637892
0.08,	0.4070999822313561,	0.22062584541165278,	-4343.0147787428405,	37.24918389108833
0.1,	0.45052647013516534,	0.245240863723602,	-4358.172092559021,	50.04622274544671
0.12000000000000001,	0.5078421443436274,	0.2865842579579153,	-4380.713701711892,	84.21973805956529
0.14,	0.5658597196112376,	0.33964063014319534,	-4404.75299838851,	110.31111908509634
0.16,	0.6251301261588535,	0.3673219118561044,	-4432.623956984809,	158.66693460676865
0.18,	0.7085480593435747,	0.4358193132819404,	-4473.68373753943,	216.51716672491406
0.19999999999999998,	0.8054427622683241,	0.49897140803221446,	-4536.840130179373,	315.26189681890736
0.21999999999999997,	0.8511433770105165,	0.5115847176429907,	-4571.695422973099,	357.93152925668153
0.23999999999999996,	0.9664741742027566,	0.5669646177297284,	-4656.131292171706,	492.19677261857396
0.25999999999999995,	1.0455433247143853,	0.6959824836174613,	-4727.291488277493,	618.0758154029389
0.27999999999999997,	1.1504754433635338,	0.7856421092551905,	-4828.09144243889,	829.4729515994592
0.3,	1.281209103922095,	0.8463674921715927,	-4967.072461189729,	906.7185466740854
0.32,	1.3203966005907204,	0.8286793696200971,	-5004.293092051938,	900.9303649349473
0.34,	1.4646855318701721,	0.9891509397765372,	-5174.468127820712,	1068.188567327246
0.36000000000000004,	1.5282205336215056,	1.0370726993708566,	-5215.4429371878,	1152.7102544143177
0.38000000000000006,	1.6457094309350677,	1.1090058797507427,	-5398.789004491617,	1215.2306767741668
0.4000000000000001,	1.79450458309664,	1.1988707665499396,	-5505.614499202002,	1315.912951073684
0.4200000000000001,	1.9695173666746109,	1.3835216327379978,	-5799.706146315567,	1568.4929887054768
0.4400000000000001,	2.030575401579652,	1.3576225891557772,	-5926.404665562242,	1583.420229230255
0.46000000000000013,	2.268565342308694,	1.5443658419959907,	-6108.916650464032,	1786.1237287980523
0.48000000000000015,	2.4179658632572814,	1.766732239673105,	-6357.866842586662,	2003.246557896395
0.5000000000000001,	2.590641852633546,	1.7736786747733972,	-6532.163313184273,	2072.543158210988
0.5200000000000001,	2.673098177439596,	1.8169902808736813,	-6573.757591369188,	2065.252905565942
0.5400000000000001,	3.0168433820822442,	2.0883932905175966,	-6952.47462115973,	2515.6875560098038
0.5600000000000002,	2.9890468810172175,	2.1849758675152007,	-7155.285683072615,	2672.1500294540497
0.5800000000000002,	3.121491790850423,	2.1242119019473344,	-7443.348796836746,	2898.398246002961
0.6000000000000002,	3.1715273941107363,	2.103237825996657,	-7485.772163524099,	2468.665021054823
0.6200000000000002,	3.5156488687709757,	2.390074408435785,	-7829.451200481475,	2713.2139814794946
0.6400000000000002,	3.3519437265279635,	2.304296825941323,	-7769.611947450726,	2828.289616136063
0.6600000000000003,	3.711770553463205,	2.4437866033602917,	-8229.163152449677,	3172.6900423038196
0.6800000000000003,	3.8044102237492745,	2.4600173387372752,	-8451.163331821037,	3384.159615613056
0.7000000000000003,	4.135781508009014,	2.5972779881946946,	-8776.362884445742,	3708.122296779524
0.7200000000000003,	4.152769187098463,	2.4931822075122865,	-8887.96785362727,	3364.529090162338
0.7400000000000003,	4.234467242992525,	2.561799967847932,	-9098.532213042841,	3834.0657409710902
0.7600000000000003,	4.472680455978864,	2.8796208430988455,	-9344.41588354605,	3935.5040655563334
0.7800000000000004,	4.601567183641552,	2.9182583642104336,	-9808.262476574622,	5026.896446718732
0.8000000000000004,	4.84694466834712,	3.0231135185341502,	-10229.105748921973,	4550.270825336129
0.8200000000000004,	4.9246654651090465,	3.1129659036934534,	-10423.74600168753,	5546.166887699875
0.8400000000000004,	5.037189825780727,	3.0662491912454937,	-10600.867617836859,	5088.418742200059
0.8600000000000004,	4.944765138544261,	3.106505917775016,	-10700.7589752639,	5138.122763667373
0.8800000000000004,	5.158290838490762,	3.183911890907501,	-11188.41928052223,	5774.412899508354
0.9000000000000005,	5.252600458555995,	3.199433574854844,	-11503.360899763344,	6502.576871409443
0.9200000000000005,	5.552905092206251,	3.3894258802550246,	-11623.043128768892,	6548.680438162136
0.9400000000000005,	5.633158762621845,	3.3648662380755257,	-11778.307659255293,	6048.597654615593
0.9600000000000005,	5.6069315684195775,	3.268552341328265,	-11842.69284959984,	5578.571727909987
0.9800000000000005,	5.766014177257421,	3.4418105296629915,	-12134.101488345595,	6070.30084773424
1.0000000000000004,	5.85869899607324,	3.7408821088331248,	-13254.225729800552,	7657.059825744866
