0.0,	0.1612048837095847,	0,	-978.3655466155366,	0
0.05,	0.17459612927507775,	0.08943218478886955,	-982.0666935030428,	5.32076254220295
0.1,	0.22760401564243085,	0.14102622871838663,	-991.8118844260828,	11.059160086178728
0.15000000000000002,	0.29969947027854993,	0.19475783578193157,	-1009.139566437755,	18.13399690081383
0.2,	0.398230163573439,	0.2656140737651394,	-1035.8533958208975,	26.699504765378318
0.25,	0.4862278585642129,	0.3246634014411558,	-1068.045079966584,	52.7130797918318
0.3,	0.5958476265330751,	0.38578929052291167,	-1110.237732716107,	71.62322907840506
0.35,	0.6767144163057615,	0.4288420919288494,	-1167.867293152345,	107.52903829250621
0.39999999999999997,	0.7890560660243298,	0.5000224250413567,	-1238.202330004731,	154.93654824489707
0.44999999999999996,	0.8704934389381573,	0.5242369148310898,	-1300.0828780068705,	180.31835702855835
0.49999999999999994,	0.9542859775072204,	0.6002786061921082,	-1388.1838937369894,	202.460307500434
0.5499999999999999,	1.0660540585099108,	0.6719959042306732,	-1456.6149384475996,	226.9682062783583
0.6,	1.1634718970857238,	0.7114829946545769,	-1560.8428338893173,	261.796931317546
0.65,	1.2768730745315626,	0.7564044133756936,	-1661.952058484299,	287.861314002616
0.7000000000000001,	1.3281242302967464,	0.8273021721659933,	-1750.3814698599733,	311.4524663411015
0.7500000000000001,	1.408323253975044,	0.8647176953612434,	-1868.3920264963192,	344.0509132225734
0.8000000000000002,	1.5458541837396427,	0.9726114252667777,	-1959.6002015555928,	357.64857155020184
0.8500000000000002,	1.6402371917158276,	1.0409024882034106,	-2126.341030151276,	430.58416738098117
0.9000000000000002,	1.7161734479955952,	1.1048109164552464,	-2225.051651222758,	422.4424771565814
0.9500000000000003,	1.8498419673638615,	1.1270793259848904,	-2379.18267193246,	472.441533414897
