0.0,	0.0,	-3.060634066190078
0.01,	0.08967466523001029,	-2.3858405043549444
0.02,	0.17399673559675075,	-4.76029427297824
0.03,	0.24765732100697663,	-9.259675553860388
0.04,	0.5124722020590886,	-16.22990055348843
0.05,	0.3646110109410584,	-3.5266394997403725
0.060000000000000005,	0.3687345546538773,	-6.256033036816294
0.07,	0.522156980120382,	-84.84937082947614
0.08,	1.3205917369761504,	-17.972023377051872
0.09,	1.8628588633453957,	-14.158881457819652
0.09999999999999999,	2.5235995109112785,	-79.07951477466429
0.10999999999999999,	1.7034591571432125,	-25.557458524140294
0.11999999999999998,	1.7057965894577256,	-36.34262326791195
0.12999999999999998,	0.9880293690844696,	-158.21231186639855
0.13999999999999999,	1.9544874274429238,	-11.888614348659743
0.15,	0.7455451018584118,	-37.81523523274561
0.16,	3.5193707541307697,	-208.65022628608378
0.17,	1.2575895048902883,	-6.904938719387758
0.18000000000000002,	1.294925373314815,	-127.2583537098841
0.19000000000000003,	3.2101294114760006,	-191.2706706842828
0.20000000000000004,	3.6910533564429393,	-77.81447455047164
0.21000000000000005,	3.441917369597884,	-107.21750719123682
0.22000000000000006,	2.649303361277045,	-208.17198902145014
0.23000000000000007,	1.726539228512436,	-17.98460666294126
0.24000000000000007,	1.59315802794261,	-67.57891054486369
0.25000000000000006,	1.9832006534293285,	-61.09389534864014
0.26000000000000006,	3.519286712891526,	-70.36963626821786
0.2700000000000001,	4.47325626149323,	-222.12555160738788
0.2800000000000001,	4.688331595744773,	-161.38512719915983
0.2900000000000001,	3.7098163858219055,	-118.14180237469088
0.3000000000000001,	3.179581683741605,	-96.4665462892638
0.3100000000000001,	3.582726296076665,	-32.58461307771787
0.3200000000000001,	3.802374478071828,	-1768.944749102391
0.3300000000000001,	2.6012534016471154,	-746.661891843621
0.34000000000000014,	3.9926500080753353,	-1031.87340297562
0.35000000000000014,	3.7139562341296966,	-73.85125774031657
0.36000000000000015,	2.9003411686634624,	-46.280028813301186
0.37000000000000016,	5.633580717494943,	-346.1579353246716
0.38000000000000017,	4.089147143156525,	-1824.9124956937123
0.3900000000000002,	3.7985654285859964,	-227.22837337516833
0.4000000000000002,	1.7637556411330608,	-487.72046907877217
0.4100000000000002,	2.5707064213705024,	-860.5833945646513
0.4200000000000002,	6.094328223569313,	-428.3182809987832
0.4300000000000002,	4.550198949079254,	-863.3734742497364
0.4400000000000002,	3.705697870454591,	-1868.679955689665
0.45000000000000023,	4.535480861816564,	-2933.5038669201913
0.46000000000000024,	5.0503586879032785,	-1587.9639794303534
0.47000000000000025,	5.695678340684609,	-1090.6560270298808
0.48000000000000026,	4.543416794962277,	-1387.3926773915134
0.49000000000000027,	2.443821386684339,	-131.08011211318936
0.5000000000000002,	6.214051263658445,	-44.76162410628443
0.5100000000000002,	4.776576869808922,	-1478.4455440064467
0.5200000000000002,	4.525529675795831,	-37.846315742214024
0.5300000000000002,	7.000054964686972,	-424.5366711775174
0.5400000000000003,	4.30549393571677,	-810.2207410088156
0.5500000000000003,	2.2558041447695216,	-246.92733588637046
0.5600000000000003,	4.7284489803922565,	-23.584511196350604
0.5700000000000003,	5.072520094718583,	-991.7837381445324
0.5800000000000003,	8.186456622175934,	-20333.560086451413
0.5900000000000003,	6.260775630719822,	-79.0801394101822
0.6000000000000003,	4.771451678039379,	-65.82999038482342
0.6100000000000003,	3.4627640073557706,	-433.26830773941236
0.6200000000000003,	7.8956059771150064,	-8180.458112670343
0.6300000000000003,	5.743181757406372,	-5329.360172092154
0.6400000000000003,	6.954896902760982,	-1588.2583015587204
0.6500000000000004,	7.000505624155153,	-463.35584798802654
0.6600000000000004,	5.572230769777735,	-3912.814006879302
0.6700000000000004,	4.702167863823734,	-3155.042545621356
0.6800000000000004,	3.491558001222021,	-47.28042142844421
0.6900000000000004,	6.614869071857976,	-1538.4357241836371
0.7000000000000004,	8.74835643766715,	-6843.03420667411
0.7100000000000004,	4.948647944442502,	-7956.232329725869
0.7200000000000004,	5.289889605102692,	-1252.8860709333105
0.7300000000000004,	3.6986194023610817,	-231.74459756329097
0.7400000000000004,	5.564396064542782,	-3782.685211342506
0.7500000000000004,	7.524144557318628,	-5681.444414553889
0.7600000000000005,	5.675705483901014,	-10.71979742357915
0.7700000000000005,	10.046342652027205,	-23714.94513276372
0.7800000000000005,	8.520515218031703,	-10817.414990476469
0.7900000000000005,	6.639532749956438,	-1776.8915308049457
0.8000000000000005,	8.307567259793924,	-2646.546759454062
0.8100000000000005,	5.030808922003976,	-3337.78942849923
0.8200000000000005,	5.223669106318357,	-1011.2872733369404
0.8300000000000005,	6.807213962116828,	-4870.497935883978
0.8400000000000005,	4.585486814299267,	-98.73040685549529
0.8500000000000005,	8.148335076734808,	-7807.429569154029
0.8600000000000005,	8.207683471395514,	-6767.3069718300585
0.8700000000000006,	9.3944881974541,	-1342.9891905948427
0.8800000000000006,	7.607877757118694,	-15918.894213643109
0.8900000000000006,	8.27452431139979,	-1847.4056593331072
0.9000000000000006,	6.191792291914149,	-11253.650697938709
0.9100000000000006,	10.879608277229563,	-2057.170707570966
0.9200000000000006,	7.926042176890188,	-5880.583779314788
0.9300000000000006,	11.923126313996557,	-18673.34961995359
0.9400000000000006,	5.453457939247661,	-594.8237440920261
0.9500000000000006,	7.877820953385473,	-11837.338456478712
0.9600000000000006,	10.047961768576247,	-9765.904094722298
0.9700000000000006,	7.916003305743877,	-6664.011442992447
0.9800000000000006,	6.980961892561309,	-2708.643282942455
0.9900000000000007,	19.287195285097123,	-2794.261273439166
