0.0,	0.3109201811671538,	7.821714849208138e-08,	-4097.999276069918,	0
0.05,	0.5682262689332084,	0.24232620300635788,	-4115.11185840421,	33.151517670983246
0.1,	0.8233232331191296,	0.4009472397596703,	-4162.820694939598,	102.21347087773222
0.15000000000000002,	1.085992872158131,	0.5621718797454396,	-4248.2507011739135,	214.60760649215496
0.2,	1.52462830685256,	0.935143649226289,	-4377.940622315608,	354.3057957007706
0.25,	1.915349007436415,	1.1809357139715195,	-4583.378728727128,	647.3318495616012
0.3,	2.227887992282267,	1.477528478357921,	-4783.281719490183,	871.7602739225736
0.35,	2.766107943142671,	1.9325260019298467,	-5212.615551483833,	1327.3483176501197
0.39999999999999997,	3.2750350421305474,	2.2667663450363884,	-5644.467002880987,	1654.849897271439
0.44999999999999996,	3.638675320660203,	2.451070887141945,	-6017.9302579261785,	1759.0616397509082
0.49999999999999994,	3.9804441023442196,	2.609609059917133,	-6595.568355561701,	2219.8978747514448
0.5499999999999999,	4.151158157588017,	2.704643564125215,	-7060.11851057185,	2561.1925751741583
0.6,	4.406609385134299,	2.7887961152105962,	-7560.322807150374,	2695.9332620113364
0.65,	4.637996268874925,	2.797644146942802,	-8067.908909943601,	2775.45037170498
0.7000000000000001,	4.861561494416218,	2.875889129446192,	-8681.194054811876,	3487.5962359077967
0.7500000000000001,	5.016100866388041,	2.9440632572264898,	-9043.409331482731,	3366.3487818033814
0.8000000000000002,	5.379882383870839,	3.1892194781325687,	-9728.35485539998,	4500.363286182244
0.8500000000000002,	5.608857184524094,	3.54191942994494,	-10306.74293133898,	5083.268539496647
0.9000000000000002,	5.698887917637741,	3.349580813436504,	-10526.262927482907,	4176.856186004857
0.9500000000000003,	6.2098385077537195,	3.772906750183118,	-11334.442231822753,	5331.88620448634
