92000.87727723879
82311.80017046908
70518.1979332137
58841.33576841149
49719.00872196794
44363.46837304136
41090.47166826212
37821.658707380986
33528.76072073083
29329.600545185283
25931.93651705148
23242.447821079346
21058.987551747217
19205.04458330249
17679.587262445835
16454.092436768646
15416.63393165835
14445.968252447521
13595.529377232793
12911.656159191996
12330.504208096532
11848.91073759387
11450.056157282614
11104.840354237778
10789.562735224545
10517.61149503136
10278.799004139271
10056.202689184043
9848.74883235378
9658.931522914849
9485.148036559473
9322.950036898786
9168.876998662021
9028.830170871042
8898.118714799477
8779.612172237315
8659.320721780368
8550.331975662928
8456.893903350277
8449.617040753785
8384.941890914233
8862.436360049482
11451.5818417829
10266.558302279162
13814.485780175975
9486.215012608345
8173.1641488642335
8463.220268945439
8177.5674573953265
8093.832381944277
8084.123083501486
8084.612610108388
8079.053706295478
8081.078673966214
8083.841895452687
8079.105243838788
8068.77087012915
8056.160484607915
8041.057647491622
8022.833663695353
8002.400951136777
7980.310319097094
7957.230661563215
7932.747381963962
7906.860695024498
7881.091310903762
7855.385471576515
7829.506410452117
7804.279548128499
7779.67475631585
7755.826297103807
7732.193445937029
7709.502645124413
7688.147106191116
7667.8625938371215
7648.813049043645
7630.746050996184
7613.651655750876
7597.682701789342
7582.675818214964
7568.696942180975
7554.404913670378
7538.917871785669
7524.010242619028
7509.572385620312
7495.6805007366465
7482.508130555871
7470.055727077234
7458.352268390906
7447.27012387926
7436.772284948964
7426.88283098948
7417.591055489673
7408.751971853714
7400.5298881499575
7392.856624889736
7385.628621477335
7378.806827619874
7372.364041539044
7366.230002355223
7360.324933035544
7354.672943577101
7349.270088255103
7344.1258703586
7339.264914329117
7334.664947226246
7330.29417581544
7323.227951186681
7315.692428149862
7308.128147882153
7300.642506493603
7293.173600810738
7285.822608149674
7278.432018203956
7271.108348223766
7264.008528845044
7257.003826557245
7250.070412877861
7243.301582777866
7237.385634757609
7233.909324329432
7236.017745116242
7268.715168368736
7294.89380173172
7242.773972190305
7303.793194890938
7356.142328715553
7657.596316719936
7702.7346308192955
7575.377019282737
8262.683038002642
8246.097371620166
7382.064575520333
7704.106608525246
8024.8705860393275
7614.807900100911
7565.067544881304
7310.546267906075
7259.645318033879
7250.273744579773
7259.654478939683
7266.138698576082
7269.932047744264
7273.642856559258
7277.575288459922
7279.7022182373175
7278.918810944528
7275.980637430493
7270.991386370322
7264.391463073582
7256.508069582065
7248.623412323668
7240.844265822512
7232.935609662032
7225.4767074220135
7218.669517792849
7212.636358531649
7207.265035006094
7202.491700188701
7198.29117241848
7194.523361789498
7191.049630491366
7187.713032979129
7184.484451537256
7181.319144722784
7178.172608283321
7174.872648867295
7171.564527691503
7168.306840181873
7165.113158779432
7161.958877960299
7158.9090553630485
7155.952618793091
7153.129544925647
7150.468795512782
7147.94268963622
7145.580029631644
7143.358973238525
7141.262910301026
7139.313456333105
7137.458512354339
7135.709095115209
7134.05206526419
7132.449110386514
7130.902313126055
7129.402090008897
7127.9321840842895
7126.496135741999
7125.084711628313
7121.530065194375
7117.219999643082
7112.402961233261
7107.072324723513
7101.501957536006
7095.894222060677
7090.331333798853
7084.676981960513
7079.067235772844
7073.6814017848355
7068.453866960069
7063.306106512361
7058.341229421099
7053.559616200499
7049.019132261333
7044.692035593088
7040.527706469318
7036.55574223533
7032.703883204088
7029.01061497611
7025.509486486873
7022.106354248599
7018.812796557337
7015.631118427963
7012.543417765892
7009.518979959119
7006.544576916935
7003.702370807009
7000.9164701667805
6998.244895985981
6995.639408433691
6993.113146805712
6990.665128319646
6988.313024578676
6985.9852859689745
6983.708592191105
6981.498871575137
6979.293025198696
6977.133749338821
6975.0170676074
6972.946296031325
6970.939080023704
6968.928692117215
6967.153168109483
6965.348964672995
6963.420651207343
6961.587629539488
6960.0289183359155
6958.677290854476
6961.0347906148645
6960.488109724548
6991.167938163353
7066.729357138169
7078.67266580456
7203.083598623551
7352.942948832029
7371.045397910321
8065.093685457606
7071.681084154858
7091.926573908177
7130.238313319055
7162.028091489701
7211.413016800025
7253.684022460678
7271.568787742643
7277.504315322913
7278.89300065312
7274.162890640628
7261.549142285581
7238.210809608029
7209.949382253545
7179.32597722526
7149.788006173649
7124.359604589409
7102.831651791295
7086.10125270517
7074.121202514662
7065.885209877527
7060.390825354874
7056.7262980731
7053.779765013792
7050.978974128039
7047.850841976745
7044.018418323713
7039.293314146335
7033.669843407666
7028.043058443272
7022.212274943221
7016.859745983777
7012.461735895639
7013.10184995016
7014.073351853001
7025.588541898279
7039.107040349924
7027.41495443277
7156.409022179463
7001.771858817497
7310.285362063311
7133.856244155619
7970.1511632160045
7162.128711403302
8004.78220135278
7564.890780712614
7073.987527331814
7072.385142156516
7096.173173294377
7115.370999394747
7108.027871070535
7082.890167160248
7062.755397222045
7048.696530234285
7034.072228914789
7015.606453948351
6998.3787550744555
6985.07567692951
6974.972726578304
6967.700585408184
6962.887786412916
6960.095356709973
6958.803405396646
6958.573424487685
6958.916184937491
6959.351853076507
6959.710019511966
6956.01408426626
6950.740602324782
6945.237845147653
6939.465523471746
6933.276288533285
6927.177137846352
6921.255901237019
6915.218648971535
6909.269940365113
6903.4629904779695
6897.801195156581
6892.3373145405085
6887.140005632025
6882.203240583264
6877.458726163811
6872.932551955727
6868.656235630104
6864.647199693686
6860.924629159005
6857.483890379863
6854.248283075152
6851.24196450866
6848.392731801603
6845.745231326615
6843.2530931065285
6840.85375971788
6838.576954438156
6836.428678609746
6834.340048685504
6832.314029207088
6830.432200436355
6828.026540806918
6824.992597422628
6821.9713923094705
6818.999824559497
6816.058248520362
6813.475614786402
6810.424624059997
6810.170365868499
6815.332276067689
6838.274136029524
6901.7748680169925
7027.746869978735
7529.496524105398
7500.919457358916
7955.177036471676
7321.728783411078
7131.287956608452
7231.169950622213
7400.991176595411
7589.318382459644
7659.645047721318
7669.435203539329
7655.373203812665
7634.153906559902
7602.547088902712
7552.775228038331
7492.528521062179
7425.104615084206
7354.40852905864
7284.726824737481
7216.0282573251025
7152.477307372326
7097.333622280543
7052.80599484715
7018.974452706576
6994.835497740095
6979.358449980656
6968.622819241415
6960.557271495374
6953.943697958978
6947.417906731914
6940.164969758643
6932.4062490601555
6918.8058938563045
6899.9524281989325
6882.084074922806
6865.374080473913
6849.861826601225
6835.964467371778
6823.6529748712155
6812.553872307012
6802.708358295664
6793.843852979484
6785.947941705425
6778.871385262679
6772.433354835675
6766.564051914052
6761.159557771792
6756.109012875111
6751.302282269515
6746.788420870749
6742.45993010894
6738.278180217899
6734.226543761275
6730.249512356884
6726.389407297193
6722.691997010578
6719.1362325477685
6715.633963097633
6712.206235099261
6708.884079661262
6705.662904662891
6702.541797065719
6699.527756748713
6696.547571470144
6693.68330974165
6690.8668901809715
6688.098839278678
6685.380926285219
6682.788538066206
6680.295563928096
6677.80555808212
6675.5441959926975
6673.716393282673
6671.774026886672
6670.829882815031
6669.98112485468
6664.012817023699
6663.376466521313
6660.838770499695
6659.2283933989465
6657.308249012371
6662.335078640227
6659.25298140211
6669.482081792286
6665.252832787393
6664.16955631759
6690.676986761961
6699.507764538298
6755.119614911067
6924.243367239087
7345.815070146937
6990.867507242786
7278.193408344585
6832.524591466482
6787.161883433984
6791.424094407499
6867.012139825691
6919.381646444778
6939.47283965733
6945.170353463501
6947.422503538704
6942.710362013375
6928.251337103962
6907.773667205438
6886.4698059246275
6865.324043225984
6845.767541769394
6828.454228599721
6802.7854157140255
6776.918385964698
6753.804276148774
6734.616362572034
6718.680202282552
6705.293723630101
6694.480986869178
6685.5881695127955
6677.46378855521
6669.594775552851
6661.6867664527745
6653.387414413305
6644.9531523653295
6636.064561282823
6627.079375894596
6618.022346262029
6609.339217785306
6600.997402933219
6593.354364101314
6586.435576741563
6580.301700336189
6574.925112759129
6570.331981636928
6566.419378830778
6563.0119434869475
6560.033520327823
6557.429292687288
6555.0945132870365
6553.009145201657
6551.08105602399
6549.218053834697
6547.415531575528
6545.613737778991
6543.81851561977
6542.042699824073
6540.228515381598
6538.434191462265
6536.643339178058
6534.8598702723475
6533.130096006064
6531.423343026954
6529.7692487029935
6528.148811956473
6526.541537844859
6524.934806452379
6523.366880641436
6521.840389091305
6520.358719716209
6518.906805913985
6517.490104655943
6516.109672412102
6514.39763838571
6513.610715486957
6512.541222398769
6511.051185590984
6514.184342632283
6513.751658463715
6553.085779240035
6629.856503455784
6620.437833508181
6677.744845887618
6625.25798467715
6627.826364585336
6567.958964821931
6527.209059737426
6524.293016031569
6532.204052700622
6505.829530942599
6498.16891710907
6500.135208835132
6497.749219168326
6493.118263720771
6490.383580490401
6489.287834519901
6487.764570018852
6485.7238190850785
6483.202517962525
6480.549328187472
6477.869691271614
6475.071425154312
6472.138743655038
6469.124983721688
6466.078156945409
6463.0962188467665
6460.110077359657
6457.216722381248
6454.384051210301
6451.6402908158425
6448.9969988813355
6446.503756578608
6444.030422866391
6441.650094395038
6439.3641369685265
6437.189011037792
6435.099785903513
6433.087025401598
6431.1805864187645
6429.335556122374
6427.555040405895
6425.88748500776
6424.273095139862
6422.736829058817
6421.24658412709
6419.815395436322
6418.42904559659
6417.075247713616
6415.741051358214
6414.448646095488
6413.182630535441
6411.930303112466
6410.714291839805
6409.502280740508
