8462.089993802549
8052.287644513645
7510.237777230437
6907.956955616533
6283.745953012037
5653.640068310146
5027.673313967439
4431.914635582941
3879.3508019502556
3393.219637555119
3015.3424483841313
2741.092247743081
2565.576671703034
2426.399826779563
2305.895511171621
2202.631521006431
2060.8029688926804
1890.974659836262
1713.5456505386326
1525.8548759328937
1348.1476895939747
1185.8391475789876
1051.0178086597348
933.064574695404
837.1561169913372
759.8992411340611
696.9779991607531
643.7388607298312
596.5770571862563
552.4079820842148
512.6843796891144
477.76266542224965
446.875158357155
419.6221519373477
395.1542383706242
373.12612066906263
352.36137612815094
332.6404355528943
314.5249739345096
297.8693487763459
282.6662900828256
268.5666063219583
255.6840118681106
243.69506832260015
232.59657690449774
222.1501532722263
212.62299553788398
203.7356254718969
195.41241161984982
187.69140610371235
180.45903247764724
173.57307244749816
167.13497420231027
161.00363407560724
155.18139238980112
149.5316749787749
144.26259993639002
139.0672612104888
134.19653193961003
129.68286132413868
125.34913221732859
121.26048363813139
117.36959934396695
113.46922756572006
109.77049190758966
106.25577955564239
102.90492756929622
99.69779498667552
96.5948439069254
93.62179342855343
90.7124350880956
87.93554046686447
85.33274666789728
82.93249356702917
80.66278873413546
78.43813713617881
76.24099526332303
74.14525870221343
72.16225444331499
70.28594299059054
68.46088119669314
66.66661094196171
64.88785851631854
63.074186447071405
61.28254857099605
59.54220039252791
57.88502833404575
56.28495386389208
54.77157130167626
53.30392448260387
51.86514111162977
50.48209652711889
49.1719222562805
47.921375919862705
46.69781473182054
45.539516765393856
44.44591415017026
43.40058543439116
42.39945893892834
41.42453422305396
40.470330533412216
39.55594717776424
38.692831692015105
37.83329804529516
36.956433701008095
36.07807475863081
35.22341492915827
34.3842153889692
33.545507464414875
32.7228193851234
31.905635113745976
31.14311788767094
30.423477650566795
29.740736298144892
29.06356047123361
28.396477327418737
27.753416372831598
27.13505948287908
26.539930273227114
25.971334857251044
25.41263468638698
24.852300855692057
24.33156425152608
23.818153702317097
23.316411229372072
22.81738719471961
22.331544182637163
21.880965570295466
21.430288744651023
20.98527366896007
20.546797951449204
20.109107949430335
19.681521222801248
19.21067612760082
18.75976468746869
18.33100943909201
17.918034666627257
17.502433052711964
17.110506685200928
16.73894680078045
16.368781081718332
16.009107537477792
15.656730406153208
15.326329330398801
15.003444634931014
14.68820272888571
14.388264045382774
14.085478413039606
13.786839137451826
13.498226776428773
13.222709535281725
12.953197086672798
12.69090707325368
12.441841686182851
12.198638410428396
11.95940643535623
11.730740096227159
11.511531713771257
11.29609602883457
11.080153841138209
10.876129270579197
10.675774718996362
10.480738467924718
10.283280179955149
10.090407246327645
9.899064714537225
9.707897438552283
9.521405951464608
9.344573596596078
9.16900432451017
8.997355108882866
8.829864281143141
8.669867151564862
8.513026734042171
8.364445107880488
8.2189889094114
8.077738906006562
7.928948401615157
7.780604660127526
7.6355874846069245
7.496042630312329
7.358496991159985
7.228482915756868
7.101370010015177
6.977269161443045
6.852659324804558
6.733567609759635
6.6177711064429285
6.505341487781738
6.397482370389568
6.29160240575124
6.189835648511456
6.090450594663827
5.990580264216684
5.890750062465401
5.794657692358024
5.701752361360913
5.611388903445901
5.519543116454024
5.430322211291892
5.343465307892919
5.260954840970524
5.183391415450034
5.108669619575121
5.028814152826045
4.945591990098103
4.862970203624603
4.784140215550703
4.708900960173279
4.63583540340953
4.565634987439194
4.498970137914576
4.43502896637632
4.371397567098891
4.3088784845486545
4.247474849368821
4.187482553298379
4.129638636242011
4.073263712751399
4.016947330894785
3.96099510161834
3.9055238478066956
3.8527099607215285
3.8028720109777154
3.7548282080309305
3.7068972918791685
3.6604641711020873
3.614441006217284
3.5687553947890405
3.5242594835579215
3.48045396933978
3.43757260350017
3.396395568720503
3.3556645379086225
3.3160878881079014
3.277570590309106
3.2377803392766054
3.198338014895104
3.1605555010728175
3.1230490374046953
3.0853547172326956
3.0477428569685907
3.0120027535816365
2.9777185725378166
2.9433305423019362
2.91024797526637
2.878647979278166
2.8477859279224242
2.815748793339343
2.7837712106852015
2.75235751233136
2.722093369418939
2.691837024467052
2.6632179552583066
2.6345815261864454
2.6073986922875427
2.5806916200446888
2.5547154179370803
2.529561076945253
2.5051340285726384
2.481604585593952
2.4580096000384533
2.4347829020032052
2.411724251547212
2.38869849820159
2.366818057589383
2.3448955618113136
2.322717959666007
2.3010715030941484
2.2803912474095567
2.260200198874343
2.240232931304145
2.220490691226246
2.2013419487169195
2.1833888901604723
2.165866800396923
2.148254739015449
2.1306148018260265
2.1129275937511993
2.096328932939757
2.0799679690562343
2.063232112421443
2.0462155891932774
2.0300104611306384
2.0148485374603533
1.9988206307976921
1.9831279734206788
1.9679302668317216
1.9531716271683561
1.9387601547111741
1.9245706203095403
1.910692353854997
1.8973505223619798
1.884690595350957
1.8733306352680366
1.8621339368416538
1.8510526108108718
1.8396464179440906
1.82844430982147
1.8173940410075895
1.806252323471943
1.7959261571947753
1.7856923178751276
1.7749758791720989
1.7647499236069932
1.7548965282018814
1.7452937418499386
1.7357353423851611
1.726436809644271
1.7169475148687074
1.7074058859515395
1.6979797390613296
1.6896621634725186
1.6809467930069486
1.6727913115523392
1.6651204745904993
1.6576877892953237
1.65047211878042
1.6429575963039869
1.6356962158197543
