0.0,	359.0757177669802,	-895.0429899387805,	0.00018230842372573286
0.01,	361.86778165868634,	-895.3574393007773,	0.34974506578327974
0.02,	369.15051988484925,	-896.3175260169896,	0.6881478026924877
0.03,	375.1724566789245,	-897.8148972886372,	1.2114322028262847
0.04,	381.2581091771854,	-899.7880545639973,	1.7746440578161295
0.05,	392.4531390799041,	-902.3923436912229,	2.6092258930442966
0.060000000000000005,	409.1444036769866,	-905.7375197549602,	3.5461358269330208
0.07,	426.11342954119067,	-909.7210524203731,	4.574538127904714
0.08,	443.6435640960414,	-913.8328630565652,	5.687281679783849
0.09,	456.3345973573749,	-918.5360518783448,	6.963977054431402
0.09999999999999999,	479.750805316319,	-924.725250996793,	8.773020987464331
0.10999999999999999,	504.28640840697386,	-930.8070806387778,	10.03840947432766
0.11999999999999998,	530.9650349099952,	-937.8451473503941,	12.192162143875352
0.12999999999999998,	556.2444059054646,	-944.4657333593947,	13.23568244842588
0.13999999999999999,	566.2484125766964,	-952.245992504947,	15.819451606895003
0.15,	592.4937034601112,	-961.5017682139635,	18.850867612974366
0.16,	620.140682737051,	-968.5687134576681,	19.968667646300986
0.17,	651.1306793688218,	-981.0316325275421,	23.36923745225329
0.18000000000000002,	658.0603563970575,	-988.7756280339695,	25.79432797274246
0.19000000000000003,	698.4162644383083,	-1000.7460637691037,	28.479864411121245
0.20000000000000004,	706.6977384029384,	-1012.0761961361308,	31.907110028917508
0.21000000000000005,	715.5215669574878,	-1025.0556813392445,	37.04835780795277
0.22000000000000006,	753.9127134487994,	-1036.0151924210427,	38.915126804857756
0.23000000000000007,	774.4042791376115,	-1049.0642602179694,	42.13945924412129
0.24000000000000007,	788.793838829308,	-1064.5544551175253,	90.69073692751302
0.25000000000000006,	833.459281454285,	-1078.6248021420279,	63.98541316271976
0.26000000000000006,	859.8865131367337,	-1089.7779800062453,	52.155000434987976
0.2700000000000001,	883.6039808192085,	-1109.0083315584336,	78.51887210587641
0.2800000000000001,	889.9292607398232,	-1122.4441269593715,	60.9663873862715
0.2900000000000001,	934.7173478403007,	-1148.055603138107,	129.82533724650855
0.3000000000000001,	959.0575783175271,	-1156.0235869634078,	97.2404170559273
0.3100000000000001,	977.1492020464002,	-1177.9264565296487,	89.33458650000357
0.3200000000000001,	997.9064850870907,	-1195.0531859036973,	127.63882053273869
0.3300000000000001,	1023.0332550786512,	-1224.3917136185885,	153.44570281602358
0.34000000000000014,	1048.764707419451,	-1245.901465514439,	164.437659544934
0.35000000000000014,	1102.2175415011393,	-1273.1599981143631,	210.27623166291818
0.36000000000000015,	1142.3539414835004,	-1285.3766080809362,	189.02500912138245
0.37000000000000016,	1176.8174833902656,	-1316.9778408112081,	218.98478500674355
0.38000000000000017,	1211.5970993523777,	-1329.7427052896594,	191.2404940637533
0.3900000000000002,	1205.335774988785,	-1359.6182191674561,	237.7574195948509
0.4000000000000002,	1280.6114322631738,	-1404.428527686408,	284.71760239851807
0.4100000000000002,	1342.4882908112652,	-1430.7914935572574,	295.89284445223205
0.4200000000000002,	1339.8823129441892,	-1447.577000165349,	270.60761206987524
0.4300000000000002,	1360.6787865979559,	-1478.9515411054717,	291.02122177922195
0.4400000000000002,	1507.1847230706308,	-1522.9500698901497,	333.5767171326305
0.45000000000000023,	1510.3520531726117,	-1565.18941923903,	403.08865614562694
0.46000000000000024,	1537.5457237064772,	-1603.7226169322091,	464.087467167159
0.47000000000000025,	1596.0691769970715,	-1648.284228357181,	448.362462804295
0.48000000000000026,	1656.1511275063785,	-1661.2148984943829,	406.79069403843533
0.49000000000000027,	1574.5615871296952,	-1696.6278508938713,	438.0976146618659
0.5000000000000002,	1636.7184220852564,	-1748.4708238055837,	498.88755172507354
0.5100000000000002,	1622.1113445866147,	-1761.449823095166,	449.00167715808686
0.5200000000000002,	1756.121578840428,	-1817.141458274505,	496.7300751682283
0.5300000000000002,	1783.3878336684909,	-1897.0165444961006,	613.9761089367976
0.5400000000000003,	1766.852340812476,	-1912.4538919061254,	587.4106192815857
0.5500000000000003,	1811.305709856375,	-1993.0560165775667,	646.4919930757933
0.5600000000000003,	1928.3444459926595,	-2055.770458370172,	713.9198006741971
0.5700000000000003,	1941.6940444898378,	-2066.592048782263,	655.7826372998081
0.5800000000000003,	1981.8849719383995,	-2132.9075202837175,	687.78670862819
0.5900000000000003,	2046.5608764590302,	-2162.6139189561068,	735.2819820323372
0.6000000000000003,	2112.072619600525,	-2244.7508994610666,	883.6278782638549
0.6100000000000003,	2043.9818526065017,	-2271.1825286513804,	784.1548394209511
0.6200000000000003,	2195.0787496870803,	-2331.9452493909757,	810.295728437642
0.6300000000000003,	2249.9448865608524,	-2417.88489017043,	854.005920656061
0.6400000000000003,	2285.7477477810676,	-2485.954713095102,	913.7492650146664
0.6500000000000004,	2302.8504154703714,	-2524.407704520792,	991.4112342707242
0.6600000000000004,	2359.971700178674,	-2621.7289337929137,	1022.2403089967654
0.6700000000000004,	2404.9588573338656,	-2702.6949060850384,	1091.2482777889618
0.6800000000000004,	2399.243595254182,	-2716.6477944948865,	1071.5017996056524
0.6900000000000004,	2460.197130111141,	-2853.77804089509,	1126.196855619477
