0,	0.027825234294333378,	0,	-4493.229201352241,	0.0002420105149178607
0.05,	0.03577901335736468,	0.003189511721150815,	-4495.531525961022,	11.608474263289631
0.1,	0.042285020995660325,	0.0029404552720272295,	-4499.5709373327545,	18.79141906152752
0.15000000000000002,	0.048788337753223686,	0.003991122148530549,	-4496.210636104107,	23.03690069847034
0.2,	0.055575962338642704,	0.005199685154969028,	-4499.2368565212,	33.34783734891231
0.25,	0.061848679281503796,	0.005645088397263844,	-4504.078239506804,	33.76967806494527
0.3,	0.06857723844540864,	0.006662586317049239,	-4506.957715894079,	33.992179157834734
0.35,	0.07528614945558197,	0.006867759541059685,	-4514.350219180911,	36.51293203936664
0.39999999999999997,	0.0814191527391389,	0.007350855158897834,	-4523.6772813978905,	36.79791315496096
0.44999999999999996,	0.0870959590810499,	0.007201342387186005,	-4527.127884792279,	37.94879363068132
0.49999999999999994,	0.0922552437363133,	0.00838264153331019,	-4534.381962313687,	37.6236422298422
0.5499999999999999,	0.09524093234960054,	0.007762671521012404,	-4550.312405985222,	44.769295573339484
0.6,	0.09975667348886373,	0.0084978442301872,	-4550.901588969774,	46.358162162882465
0.65,	0.10340780655831358,	0.008478735013700351,	-4563.945088500567,	48.13500165805918
0.7000000000000001,	0.10759286138829664,	0.008832185373760295,	-4580.239277038388,	50.48144499178201
0.7500000000000001,	0.11221467454565466,	0.010416729062070565,	-4585.094478209993,	56.89817355539554
0.8000000000000002,	0.11302363277681388,	0.00910928646311429,	-4589.699321296001,	53.30742165515796
0.8500000000000002,	0.11526569839000869,	0.010705261086069017,	-4607.030457893152,	58.616900317215425
0.9000000000000002,	0.11660092678241485,	0.00944167512616402,	-4605.3541449536115,	62.2869870023958
0.9500000000000003,	0.11990284393906862,	0.010126529161087671,	-4627.906595603604,	69.75755416026156
1.0000000000000002,	0.12027725939333392,	0.01132957805126311,	-4648.498077051455,	68.55670146922387
