0.0,	0.0,	-460.5043406141516,	0
0.01,	0.2622817814601562,	-462.51772688655814,	2.0162998874021225
0.02,	0.48531633560895804,	-468.23944809813804,	7.573030724840596
0.03,	0.6826646118748336,	-478.2812564534694,	17.783116890114304
0.04,	0.9825781718048469,	-491.4900392202818,	30.651227109445067
0.05,	1.3463881537298905,	-510.6743671690774,	52.31258761886656
0.060000000000000005,	1.3196059808295164,	-531.9860574541984,	71.0035062666035
0.07,	1.4939691986754708,	-558.3244665719554,	99.6121851525947
0.08,	1.670848541155508,	-592.3780212446857,	132.90900687939933
0.09,	1.9705846828698923,	-630.9936565870698,	176.074948255187
0.09999999999999999,	2.4825175028407926,	-665.1222602068437,	204.4813779076657
0.10999999999999999,	2.684863532863452,	-711.0489148922089,	254.94424247076088
0.11999999999999998,	2.4220103752096223,	-750.5201315863236,	283.6643440135283
0.12999999999999998,	2.8584743360369136,	-804.2876640836823,	333.2075034967098
0.13999999999999999,	3.503377755567859,	-868.9557287676457,	411.47437602001094
0.15,	3.516140176310805,	-929.4947889828926,	462.1137686796671
0.16,	3.866982780787166,	-977.9504624533653,	504.6817154063839
0.17,	4.12339294314079,	-1045.7856688790052,	556.9688485200415
0.18000000000000002,	4.2554937234118535,	-1115.2787105378873,	626.953114734754
0.19000000000000003,	5.3706191610970055,	-1175.752515717999,	692.0973167962887
0.20000000000000004,	3.8541459485225027,	-1262.694446382199,	774.833871441871
0.21000000000000005,	5.143873272567247,	-1316.7909737292973,	830.0806264068596
0.22000000000000006,	5.95974881106442,	-1417.6525814537044,	905.5049259527393
0.23000000000000007,	5.982770373706988,	-1491.8919408179718,	999.1090863938443
0.24000000000000007,	6.149070280584362,	-1592.6040413595347,	1087.1670858143964
0.25000000000000006,	5.621990831598811,	-1667.3222707244386,	1160.7528693604393
0.26000000000000006,	4.952322576865491,	-1779.49426418177,	1252.6995890279732
0.2700000000000001,	7.266362437991618,	-1900.0983967758223,	1403.3452196467458
0.2800000000000001,	5.360300222717427,	-2006.9873033968502,	1459.4792712359758
0.2900000000000001,	6.388668031045831,	-2113.31804871433,	1593.6792395840773
0.3000000000000001,	6.551770960636385,	-2165.4368078928046,	1568.6521803686967
0.3100000000000001,	7.419089541284427,	-2375.521596797693,	1850.058649235885
0.3200000000000001,	8.962016415581553,	-2429.218380335236,	1913.37678568991
0.3300000000000001,	8.462468814509268,	-2542.941588730513,	1937.9120150162607
0.34000000000000014,	8.186347247526362,	-2722.5274429834117,	2180.798014655282
0.35000000000000014,	8.027927021763865,	-2833.8442544768027,	2225.780436498915
0.36000000000000015,	8.661523384935712,	-3042.7175878103917,	2478.6013882167213
0.37000000000000016,	7.162085139442798,	-3082.2651898417885,	2535.4805488221673
0.38000000000000017,	10.071918756230142,	-3274.82241390703,	2662.726467763339
0.3900000000000002,	8.037448972632134,	-3381.479238488368,	2699.494876855631
