0.0,	0.0730256022756915,	0,	-1830.94786628248,	0.00041123524523917806
0.02,	0.08312631490961171,	0.025138994087538183,	-1833.9564752471701,	1.6554968069974523
0.04,	0.10293160696058762,	0.052315030641807134,	-1841.9813824911332,	4.279248573877066
0.06,	0.12911503721962866,	0.08057276175596098,	-1855.7898519289245,	7.870050619804279
0.08,	0.1800071694127341,	0.11502731822666638,	-1875.6760485646284,	13.517188665029707
0.1,	0.2142938261929486,	0.14220595937790761,	-1900.6135471724106,	19.877801901940483
0.12000000000000001,	0.2677692179412216,	0.17848413234035457,	-1933.962294779326,	29.699122578688343
0.14,	0.3051531581760438,	0.20065653256155233,	-1972.3273517715395,	40.01465366685548
0.16,	0.35122509108534017,	0.23265037492404717,	-2013.1943321143413,	50.09812886547247
0.18,	0.3827089604361952,	0.24449031787753941,	-2058.546893478681,	62.40694583921978
0.19999999999999998,	0.4216273361857612,	0.2815177702905443,	-2117.9340367999744,	81.06648081202128
0.21999999999999997,	0.46965562041350806,	0.3180215010481463,	-2174.7568003742954,	89.65225776264157
0.23999999999999996,	0.5064832099558896,	0.33044816302323693,	-2245.7445831744762,	114.35475421499673
0.25999999999999995,	0.5640138727602616,	0.36175915314471196,	-2310.678017282711,	124.30790022041076
0.27999999999999997,	0.5805197519690821,	0.37607258351061507,	-2388.5837456824947,	147.11950017275439
0.3,	0.6210183897079103,	0.4103525792158371,	-2475.5349670280893,	171.3174627259838
0.32,	0.681453527739811,	0.4545972954948146,	-2542.444627998649,	186.50718422623945
0.34,	0.7200562614286226,	0.49207096542289763,	-2663.249406516279,	219.12744683950658
0.36000000000000004,	0.7577757060076,	0.519162763141663,	-2743.44961314998,	242.33202508746825
0.38000000000000006,	0.8154201894699723,	0.5307284927264128,	-2858.0365552909784,	270.74169763412783
0.4000000000000001,	0.8445047063145432,	0.5704753944019098,	-2963.324458000756,	303.94533687276447
0.4200000000000001,	0.8721022642759525,	0.5925476146149683,	-3099.3112415147607,	362.021923280358
0.4400000000000001,	0.9264885023731717,	0.618539002602467,	-3206.801580204088,	376.87275671740105
0.46000000000000013,	0.968884563038744,	0.6616510069479392,	-3327.191681114505,	400.5124280745567
0.48000000000000015,	0.9876385209478448,	0.6870140451992468,	-3451.5231574502377,	428.6539462588053
0.5000000000000001,	1.0499847438858951,	0.7050445134354189,	-3601.1634128353803,	456.8721125483651
0.5200000000000001,	1.0727295527490048,	0.7493597240275577,	-3721.625064585335,	489.91951157701504
0.5400000000000001,	1.1320848638650876,	0.7710646910369143,	-3896.1970641633725,	540.7230963653117
0.5600000000000002,	1.1422005475992307,	0.7698568334135879,	-4031.9323383444516,	588.8687867816747
0.5800000000000002,	1.2111498202705675,	0.8296534611123696,	-4255.608765040108,	653.0935035268308
0.6000000000000002,	1.229751680587049,	0.8295054200197484,	-4322.026960259103,	654.5243363098646
0.6200000000000002,	1.2674659149559193,	0.8903969255975058,	-4557.911272010316,	710.6181480858309
0.6400000000000002,	1.2823709024874261,	0.8553598163318349,	-4685.016035276074,	756.7057696420165
0.6600000000000003,	1.3492460943575362,	0.898309798690178,	-4932.457886880815,	818.4186479793581
0.6800000000000003,	1.3526346842826453,	0.9232468196880185,	-5105.5265214498395,	885.1798215716836
0.7000000000000003,	1.4225639735700475,	0.9881337793343669,	-5284.851091543364,	902.4496641545352
0.7200000000000003,	1.4970259219204674,	1.0322227583261891,	-5450.8403141582985,	960.7283878658778
0.7400000000000003,	1.5452483241921238,	1.0383324470613975,	-5670.323981940852,	1032.440202092724
0.7600000000000003,	1.5371946544367803,	1.0806534402391341,	-5854.628711883338,	1090.2731544096835
0.7800000000000004,	1.6176234863888113,	1.1233342164454323,	-6076.498769079016,	1164.2939709956227
0.8000000000000004,	1.6482375836814518,	1.102733153343489,	-6307.409547833398,	1211.9948114063761
0.8200000000000004,	1.7334243036744883,	1.1483616179361333,	-6488.308574556284,	1261.8105497357983
0.8400000000000004,	1.7463059892951809,	1.2603920838665732,	-6748.093546855752,	1300.0041313388733
0.8600000000000004,	1.7285284798753418,	1.2034165402386547,	-6964.362536595419,	1396.1872450003068
0.8800000000000004,	1.887695967152918,	1.3139591356198994,	-7259.418114906547,	1334.7602354353078
0.9000000000000005,	1.8902631475046292,	1.315717104845466,	-7429.685386112554,	1509.8307419099187
0.9200000000000005,	1.9159115088688206,	1.3659363254958952,	-7747.343591630656,	1567.6676388948654
0.9400000000000005,	2.051355552057933,	1.3980760165999826,	-7984.500569765065,	1580.0382319241933
0.9600000000000005,	2.04120548749975,	1.3882501857505436,	-8187.939530864823,	1735.3723831615152
0.9800000000000005,	1.9956782490076637,	1.4050436172891636,	-8439.926422818571,	1707.3860181794337
1.0000000000000004,	2.014529086067676,	1.3702299733210628,	-8691.925281515232,	1832.155086416496
